x <- 3
x 

y <- 5
y
